{
 "cells": [
  {
   "cell_type": "code",
   "execution_count": 1,
   "metadata": {
    "collapsed": true
   },
   "outputs": [],
   "source": [
    "import pandas as pd\n",
    "import numpy as np\n",
    "import matplotlib as mp\n",
    "%matplotlib inline\n",
    "\n",
    "from sklearn import linear_model"
   ]
  },
  {
   "cell_type": "code",
   "execution_count": 2,
   "metadata": {
    "collapsed": false
   },
   "outputs": [],
   "source": [
    "train= pd.read_csv('train.csv')"
   ]
  },
  {
   "cell_type": "code",
   "execution_count": 3,
   "metadata": {
    "collapsed": false
   },
   "outputs": [
    {
     "data": {
      "text/html": [
       "<div>\n",
       "<table border=\"1\" class=\"dataframe\">\n",
       "  <thead>\n",
       "    <tr style=\"text-align: right;\">\n",
       "      <th></th>\n",
       "      <th>id</th>\n",
       "      <th>cat1</th>\n",
       "      <th>cat2</th>\n",
       "      <th>cat3</th>\n",
       "      <th>cat4</th>\n",
       "      <th>cat5</th>\n",
       "      <th>cat6</th>\n",
       "      <th>cat7</th>\n",
       "      <th>cat8</th>\n",
       "      <th>cat9</th>\n",
       "      <th>...</th>\n",
       "      <th>cont6</th>\n",
       "      <th>cont7</th>\n",
       "      <th>cont8</th>\n",
       "      <th>cont9</th>\n",
       "      <th>cont10</th>\n",
       "      <th>cont11</th>\n",
       "      <th>cont12</th>\n",
       "      <th>cont13</th>\n",
       "      <th>cont14</th>\n",
       "      <th>loss</th>\n",
       "    </tr>\n",
       "  </thead>\n",
       "  <tbody>\n",
       "    <tr>\n",
       "      <th>0</th>\n",
       "      <td>1</td>\n",
       "      <td>A</td>\n",
       "      <td>B</td>\n",
       "      <td>A</td>\n",
       "      <td>B</td>\n",
       "      <td>A</td>\n",
       "      <td>A</td>\n",
       "      <td>A</td>\n",
       "      <td>A</td>\n",
       "      <td>B</td>\n",
       "      <td>...</td>\n",
       "      <td>0.718367</td>\n",
       "      <td>0.335060</td>\n",
       "      <td>0.30260</td>\n",
       "      <td>0.67135</td>\n",
       "      <td>0.83510</td>\n",
       "      <td>0.569745</td>\n",
       "      <td>0.594646</td>\n",
       "      <td>0.822493</td>\n",
       "      <td>0.714843</td>\n",
       "      <td>2213.18</td>\n",
       "    </tr>\n",
       "    <tr>\n",
       "      <th>1</th>\n",
       "      <td>2</td>\n",
       "      <td>A</td>\n",
       "      <td>B</td>\n",
       "      <td>A</td>\n",
       "      <td>A</td>\n",
       "      <td>A</td>\n",
       "      <td>A</td>\n",
       "      <td>A</td>\n",
       "      <td>A</td>\n",
       "      <td>B</td>\n",
       "      <td>...</td>\n",
       "      <td>0.438917</td>\n",
       "      <td>0.436585</td>\n",
       "      <td>0.60087</td>\n",
       "      <td>0.35127</td>\n",
       "      <td>0.43919</td>\n",
       "      <td>0.338312</td>\n",
       "      <td>0.366307</td>\n",
       "      <td>0.611431</td>\n",
       "      <td>0.304496</td>\n",
       "      <td>1283.60</td>\n",
       "    </tr>\n",
       "    <tr>\n",
       "      <th>2</th>\n",
       "      <td>5</td>\n",
       "      <td>A</td>\n",
       "      <td>B</td>\n",
       "      <td>A</td>\n",
       "      <td>A</td>\n",
       "      <td>B</td>\n",
       "      <td>A</td>\n",
       "      <td>A</td>\n",
       "      <td>A</td>\n",
       "      <td>B</td>\n",
       "      <td>...</td>\n",
       "      <td>0.289648</td>\n",
       "      <td>0.315545</td>\n",
       "      <td>0.27320</td>\n",
       "      <td>0.26076</td>\n",
       "      <td>0.32446</td>\n",
       "      <td>0.381398</td>\n",
       "      <td>0.373424</td>\n",
       "      <td>0.195709</td>\n",
       "      <td>0.774425</td>\n",
       "      <td>3005.09</td>\n",
       "    </tr>\n",
       "    <tr>\n",
       "      <th>3</th>\n",
       "      <td>10</td>\n",
       "      <td>B</td>\n",
       "      <td>B</td>\n",
       "      <td>A</td>\n",
       "      <td>B</td>\n",
       "      <td>A</td>\n",
       "      <td>A</td>\n",
       "      <td>A</td>\n",
       "      <td>A</td>\n",
       "      <td>B</td>\n",
       "      <td>...</td>\n",
       "      <td>0.440945</td>\n",
       "      <td>0.391128</td>\n",
       "      <td>0.31796</td>\n",
       "      <td>0.32128</td>\n",
       "      <td>0.44467</td>\n",
       "      <td>0.327915</td>\n",
       "      <td>0.321570</td>\n",
       "      <td>0.605077</td>\n",
       "      <td>0.602642</td>\n",
       "      <td>939.85</td>\n",
       "    </tr>\n",
       "    <tr>\n",
       "      <th>4</th>\n",
       "      <td>11</td>\n",
       "      <td>A</td>\n",
       "      <td>B</td>\n",
       "      <td>A</td>\n",
       "      <td>B</td>\n",
       "      <td>A</td>\n",
       "      <td>A</td>\n",
       "      <td>A</td>\n",
       "      <td>A</td>\n",
       "      <td>B</td>\n",
       "      <td>...</td>\n",
       "      <td>0.178193</td>\n",
       "      <td>0.247408</td>\n",
       "      <td>0.24564</td>\n",
       "      <td>0.22089</td>\n",
       "      <td>0.21230</td>\n",
       "      <td>0.204687</td>\n",
       "      <td>0.202213</td>\n",
       "      <td>0.246011</td>\n",
       "      <td>0.432606</td>\n",
       "      <td>2763.85</td>\n",
       "    </tr>\n",
       "  </tbody>\n",
       "</table>\n",
       "<p>5 rows × 132 columns</p>\n",
       "</div>"
      ],
      "text/plain": [
       "   id cat1 cat2 cat3 cat4 cat5 cat6 cat7 cat8 cat9   ...        cont6  \\\n",
       "0   1    A    B    A    B    A    A    A    A    B   ...     0.718367   \n",
       "1   2    A    B    A    A    A    A    A    A    B   ...     0.438917   \n",
       "2   5    A    B    A    A    B    A    A    A    B   ...     0.289648   \n",
       "3  10    B    B    A    B    A    A    A    A    B   ...     0.440945   \n",
       "4  11    A    B    A    B    A    A    A    A    B   ...     0.178193   \n",
       "\n",
       "      cont7    cont8    cont9   cont10    cont11    cont12    cont13  \\\n",
       "0  0.335060  0.30260  0.67135  0.83510  0.569745  0.594646  0.822493   \n",
       "1  0.436585  0.60087  0.35127  0.43919  0.338312  0.366307  0.611431   \n",
       "2  0.315545  0.27320  0.26076  0.32446  0.381398  0.373424  0.195709   \n",
       "3  0.391128  0.31796  0.32128  0.44467  0.327915  0.321570  0.605077   \n",
       "4  0.247408  0.24564  0.22089  0.21230  0.204687  0.202213  0.246011   \n",
       "\n",
       "     cont14     loss  \n",
       "0  0.714843  2213.18  \n",
       "1  0.304496  1283.60  \n",
       "2  0.774425  3005.09  \n",
       "3  0.602642   939.85  \n",
       "4  0.432606  2763.85  \n",
       "\n",
       "[5 rows x 132 columns]"
      ]
     },
     "execution_count": 3,
     "metadata": {},
     "output_type": "execute_result"
    }
   ],
   "source": [
    "train.head()"
   ]
  },
  {
   "cell_type": "code",
   "execution_count": 4,
   "metadata": {
    "collapsed": false
   },
   "outputs": [
    {
     "data": {
      "text/plain": [
       "(188318, 132)"
      ]
     },
     "execution_count": 4,
     "metadata": {},
     "output_type": "execute_result"
    }
   ],
   "source": [
    "train.shape"
   ]
  },
  {
   "cell_type": "code",
   "execution_count": 5,
   "metadata": {
    "collapsed": false
   },
   "outputs": [
    {
     "data": {
      "text/html": [
       "<div>\n",
       "<table border=\"1\" class=\"dataframe\">\n",
       "  <thead>\n",
       "    <tr style=\"text-align: right;\">\n",
       "      <th></th>\n",
       "      <th>id</th>\n",
       "      <th>cont1</th>\n",
       "      <th>cont2</th>\n",
       "      <th>cont3</th>\n",
       "      <th>cont4</th>\n",
       "      <th>cont5</th>\n",
       "      <th>cont6</th>\n",
       "      <th>cont7</th>\n",
       "      <th>cont8</th>\n",
       "      <th>cont9</th>\n",
       "      <th>cont10</th>\n",
       "      <th>cont11</th>\n",
       "      <th>cont12</th>\n",
       "      <th>cont13</th>\n",
       "      <th>cont14</th>\n",
       "      <th>loss</th>\n",
       "    </tr>\n",
       "  </thead>\n",
       "  <tbody>\n",
       "    <tr>\n",
       "      <th>count</th>\n",
       "      <td>188318.000000</td>\n",
       "      <td>188318.000000</td>\n",
       "      <td>188318.000000</td>\n",
       "      <td>188318.000000</td>\n",
       "      <td>188318.000000</td>\n",
       "      <td>188318.000000</td>\n",
       "      <td>188318.000000</td>\n",
       "      <td>188318.000000</td>\n",
       "      <td>188318.000000</td>\n",
       "      <td>188318.000000</td>\n",
       "      <td>188318.000000</td>\n",
       "      <td>188318.000000</td>\n",
       "      <td>188318.000000</td>\n",
       "      <td>188318.000000</td>\n",
       "      <td>188318.000000</td>\n",
       "      <td>188318.000000</td>\n",
       "    </tr>\n",
       "    <tr>\n",
       "      <th>mean</th>\n",
       "      <td>294135.982561</td>\n",
       "      <td>0.493861</td>\n",
       "      <td>0.507188</td>\n",
       "      <td>0.498918</td>\n",
       "      <td>0.491812</td>\n",
       "      <td>0.487428</td>\n",
       "      <td>0.490945</td>\n",
       "      <td>0.484970</td>\n",
       "      <td>0.486437</td>\n",
       "      <td>0.485506</td>\n",
       "      <td>0.498066</td>\n",
       "      <td>0.493511</td>\n",
       "      <td>0.493150</td>\n",
       "      <td>0.493138</td>\n",
       "      <td>0.495717</td>\n",
       "      <td>3037.337686</td>\n",
       "    </tr>\n",
       "    <tr>\n",
       "      <th>std</th>\n",
       "      <td>169336.084867</td>\n",
       "      <td>0.187640</td>\n",
       "      <td>0.207202</td>\n",
       "      <td>0.202105</td>\n",
       "      <td>0.211292</td>\n",
       "      <td>0.209027</td>\n",
       "      <td>0.205273</td>\n",
       "      <td>0.178450</td>\n",
       "      <td>0.199370</td>\n",
       "      <td>0.181660</td>\n",
       "      <td>0.185877</td>\n",
       "      <td>0.209737</td>\n",
       "      <td>0.209427</td>\n",
       "      <td>0.212777</td>\n",
       "      <td>0.222488</td>\n",
       "      <td>2904.086186</td>\n",
       "    </tr>\n",
       "    <tr>\n",
       "      <th>min</th>\n",
       "      <td>1.000000</td>\n",
       "      <td>0.000016</td>\n",
       "      <td>0.001149</td>\n",
       "      <td>0.002634</td>\n",
       "      <td>0.176921</td>\n",
       "      <td>0.281143</td>\n",
       "      <td>0.012683</td>\n",
       "      <td>0.069503</td>\n",
       "      <td>0.236880</td>\n",
       "      <td>0.000080</td>\n",
       "      <td>0.000000</td>\n",
       "      <td>0.035321</td>\n",
       "      <td>0.036232</td>\n",
       "      <td>0.000228</td>\n",
       "      <td>0.179722</td>\n",
       "      <td>0.670000</td>\n",
       "    </tr>\n",
       "    <tr>\n",
       "      <th>25%</th>\n",
       "      <td>147748.250000</td>\n",
       "      <td>0.346090</td>\n",
       "      <td>0.358319</td>\n",
       "      <td>0.336963</td>\n",
       "      <td>0.327354</td>\n",
       "      <td>0.281143</td>\n",
       "      <td>0.336105</td>\n",
       "      <td>0.350175</td>\n",
       "      <td>0.312800</td>\n",
       "      <td>0.358970</td>\n",
       "      <td>0.364580</td>\n",
       "      <td>0.310961</td>\n",
       "      <td>0.311661</td>\n",
       "      <td>0.315758</td>\n",
       "      <td>0.294610</td>\n",
       "      <td>1204.460000</td>\n",
       "    </tr>\n",
       "    <tr>\n",
       "      <th>50%</th>\n",
       "      <td>294539.500000</td>\n",
       "      <td>0.475784</td>\n",
       "      <td>0.555782</td>\n",
       "      <td>0.527991</td>\n",
       "      <td>0.452887</td>\n",
       "      <td>0.422268</td>\n",
       "      <td>0.440945</td>\n",
       "      <td>0.438285</td>\n",
       "      <td>0.441060</td>\n",
       "      <td>0.441450</td>\n",
       "      <td>0.461190</td>\n",
       "      <td>0.457203</td>\n",
       "      <td>0.462286</td>\n",
       "      <td>0.363547</td>\n",
       "      <td>0.407403</td>\n",
       "      <td>2115.570000</td>\n",
       "    </tr>\n",
       "    <tr>\n",
       "      <th>75%</th>\n",
       "      <td>440680.500000</td>\n",
       "      <td>0.623912</td>\n",
       "      <td>0.681761</td>\n",
       "      <td>0.634224</td>\n",
       "      <td>0.652072</td>\n",
       "      <td>0.643315</td>\n",
       "      <td>0.655021</td>\n",
       "      <td>0.591045</td>\n",
       "      <td>0.623580</td>\n",
       "      <td>0.566820</td>\n",
       "      <td>0.614590</td>\n",
       "      <td>0.678924</td>\n",
       "      <td>0.675759</td>\n",
       "      <td>0.689974</td>\n",
       "      <td>0.724623</td>\n",
       "      <td>3864.045000</td>\n",
       "    </tr>\n",
       "    <tr>\n",
       "      <th>max</th>\n",
       "      <td>587633.000000</td>\n",
       "      <td>0.984975</td>\n",
       "      <td>0.862654</td>\n",
       "      <td>0.944251</td>\n",
       "      <td>0.954297</td>\n",
       "      <td>0.983674</td>\n",
       "      <td>0.997162</td>\n",
       "      <td>1.000000</td>\n",
       "      <td>0.980200</td>\n",
       "      <td>0.995400</td>\n",
       "      <td>0.994980</td>\n",
       "      <td>0.998742</td>\n",
       "      <td>0.998484</td>\n",
       "      <td>0.988494</td>\n",
       "      <td>0.844848</td>\n",
       "      <td>121012.250000</td>\n",
       "    </tr>\n",
       "  </tbody>\n",
       "</table>\n",
       "</div>"
      ],
      "text/plain": [
       "                  id          cont1          cont2          cont3  \\\n",
       "count  188318.000000  188318.000000  188318.000000  188318.000000   \n",
       "mean   294135.982561       0.493861       0.507188       0.498918   \n",
       "std    169336.084867       0.187640       0.207202       0.202105   \n",
       "min         1.000000       0.000016       0.001149       0.002634   \n",
       "25%    147748.250000       0.346090       0.358319       0.336963   \n",
       "50%    294539.500000       0.475784       0.555782       0.527991   \n",
       "75%    440680.500000       0.623912       0.681761       0.634224   \n",
       "max    587633.000000       0.984975       0.862654       0.944251   \n",
       "\n",
       "               cont4          cont5          cont6          cont7  \\\n",
       "count  188318.000000  188318.000000  188318.000000  188318.000000   \n",
       "mean        0.491812       0.487428       0.490945       0.484970   \n",
       "std         0.211292       0.209027       0.205273       0.178450   \n",
       "min         0.176921       0.281143       0.012683       0.069503   \n",
       "25%         0.327354       0.281143       0.336105       0.350175   \n",
       "50%         0.452887       0.422268       0.440945       0.438285   \n",
       "75%         0.652072       0.643315       0.655021       0.591045   \n",
       "max         0.954297       0.983674       0.997162       1.000000   \n",
       "\n",
       "               cont8          cont9         cont10         cont11  \\\n",
       "count  188318.000000  188318.000000  188318.000000  188318.000000   \n",
       "mean        0.486437       0.485506       0.498066       0.493511   \n",
       "std         0.199370       0.181660       0.185877       0.209737   \n",
       "min         0.236880       0.000080       0.000000       0.035321   \n",
       "25%         0.312800       0.358970       0.364580       0.310961   \n",
       "50%         0.441060       0.441450       0.461190       0.457203   \n",
       "75%         0.623580       0.566820       0.614590       0.678924   \n",
       "max         0.980200       0.995400       0.994980       0.998742   \n",
       "\n",
       "              cont12         cont13         cont14           loss  \n",
       "count  188318.000000  188318.000000  188318.000000  188318.000000  \n",
       "mean        0.493150       0.493138       0.495717    3037.337686  \n",
       "std         0.209427       0.212777       0.222488    2904.086186  \n",
       "min         0.036232       0.000228       0.179722       0.670000  \n",
       "25%         0.311661       0.315758       0.294610    1204.460000  \n",
       "50%         0.462286       0.363547       0.407403    2115.570000  \n",
       "75%         0.675759       0.689974       0.724623    3864.045000  \n",
       "max         0.998484       0.988494       0.844848  121012.250000  "
      ]
     },
     "execution_count": 5,
     "metadata": {},
     "output_type": "execute_result"
    }
   ],
   "source": [
    "train.describe()"
   ]
  },
  {
   "cell_type": "code",
   "execution_count": 6,
   "metadata": {
    "collapsed": false
   },
   "outputs": [
    {
     "name": "stdout",
     "output_type": "stream",
     "text": [
      "<class 'pandas.core.frame.DataFrame'>\n",
      "RangeIndex: 188318 entries, 0 to 188317\n",
      "Columns: 132 entries, id to loss\n",
      "dtypes: float64(15), int64(1), object(116)\n",
      "memory usage: 189.7+ MB\n"
     ]
    }
   ],
   "source": [
    "train.info()"
   ]
  },
  {
   "cell_type": "code",
   "execution_count": 7,
   "metadata": {
    "collapsed": false
   },
   "outputs": [
    {
     "name": "stdout",
     "output_type": "stream",
     "text": [
      "id          int64\n",
      "cat1       object\n",
      "cat2       object\n",
      "cat3       object\n",
      "cat4       object\n",
      "cat5       object\n",
      "cat6       object\n",
      "cat7       object\n",
      "cat8       object\n",
      "cat9       object\n",
      "cat10      object\n",
      "cat11      object\n",
      "cat12      object\n",
      "cat13      object\n",
      "cat14      object\n",
      "cat15      object\n",
      "cat16      object\n",
      "cat17      object\n",
      "cat18      object\n",
      "cat19      object\n",
      "cat20      object\n",
      "cat21      object\n",
      "cat22      object\n",
      "cat23      object\n",
      "cat24      object\n",
      "cat25      object\n",
      "cat26      object\n",
      "cat27      object\n",
      "cat28      object\n",
      "cat29      object\n",
      "           ...   \n",
      "cat102     object\n",
      "cat103     object\n",
      "cat104     object\n",
      "cat105     object\n",
      "cat106     object\n",
      "cat107     object\n",
      "cat108     object\n",
      "cat109     object\n",
      "cat110     object\n",
      "cat111     object\n",
      "cat112     object\n",
      "cat113     object\n",
      "cat114     object\n",
      "cat115     object\n",
      "cat116     object\n",
      "cont1     float64\n",
      "cont2     float64\n",
      "cont3     float64\n",
      "cont4     float64\n",
      "cont5     float64\n",
      "cont6     float64\n",
      "cont7     float64\n",
      "cont8     float64\n",
      "cont9     float64\n",
      "cont10    float64\n",
      "cont11    float64\n",
      "cont12    float64\n",
      "cont13    float64\n",
      "cont14    float64\n",
      "loss      float64\n",
      "dtype: object\n"
     ]
    }
   ],
   "source": [
    "print train.dtypes"
   ]
  },
  {
   "cell_type": "code",
   "execution_count": 8,
   "metadata": {
    "collapsed": false
   },
   "outputs": [
    {
     "data": {
      "text/plain": [
       "id        False\n",
       "cat1      False\n",
       "cat2      False\n",
       "cat3      False\n",
       "cat4      False\n",
       "cat5      False\n",
       "cat6      False\n",
       "cat7      False\n",
       "cat8      False\n",
       "cat9      False\n",
       "cat10     False\n",
       "cat11     False\n",
       "cat12     False\n",
       "cat13     False\n",
       "cat14     False\n",
       "cat15     False\n",
       "cat16     False\n",
       "cat17     False\n",
       "cat18     False\n",
       "cat19     False\n",
       "cat20     False\n",
       "cat21     False\n",
       "cat22     False\n",
       "cat23     False\n",
       "cat24     False\n",
       "cat25     False\n",
       "cat26     False\n",
       "cat27     False\n",
       "cat28     False\n",
       "cat29     False\n",
       "          ...  \n",
       "cat102    False\n",
       "cat103    False\n",
       "cat104    False\n",
       "cat105    False\n",
       "cat106    False\n",
       "cat107    False\n",
       "cat108    False\n",
       "cat109    False\n",
       "cat110    False\n",
       "cat111    False\n",
       "cat112    False\n",
       "cat113    False\n",
       "cat114    False\n",
       "cat115    False\n",
       "cat116    False\n",
       "cont1     False\n",
       "cont2     False\n",
       "cont3     False\n",
       "cont4     False\n",
       "cont5     False\n",
       "cont6     False\n",
       "cont7     False\n",
       "cont8     False\n",
       "cont9     False\n",
       "cont10    False\n",
       "cont11    False\n",
       "cont12    False\n",
       "cont13    False\n",
       "cont14    False\n",
       "loss      False\n",
       "dtype: bool"
      ]
     },
     "execution_count": 8,
     "metadata": {},
     "output_type": "execute_result"
    }
   ],
   "source": [
    "# train[pd.isnull(train).any(axis=1)]\n",
    "pd.isnull(train).any()"
   ]
  },
  {
   "cell_type": "markdown",
   "metadata": {},
   "source": [
    "# Data Preparation #"
   ]
  },
  {
   "cell_type": "code",
   "execution_count": 36,
   "metadata": {
    "collapsed": false
   },
   "outputs": [
    {
     "data": {
      "text/html": [
       "<div>\n",
       "<table border=\"1\" class=\"dataframe\">\n",
       "  <thead>\n",
       "    <tr style=\"text-align: right;\">\n",
       "      <th></th>\n",
       "      <th>id</th>\n",
       "      <th>cont1</th>\n",
       "      <th>cont2</th>\n",
       "      <th>cont3</th>\n",
       "      <th>cont4</th>\n",
       "      <th>cont5</th>\n",
       "      <th>cont6</th>\n",
       "      <th>cont7</th>\n",
       "      <th>cont8</th>\n",
       "      <th>cont9</th>\n",
       "      <th>cont10</th>\n",
       "      <th>cont11</th>\n",
       "      <th>cont12</th>\n",
       "      <th>cont13</th>\n",
       "      <th>cont14</th>\n",
       "      <th>loss</th>\n",
       "    </tr>\n",
       "  </thead>\n",
       "  <tbody>\n",
       "    <tr>\n",
       "      <th>id</th>\n",
       "      <td>1.000000</td>\n",
       "      <td>0.002130</td>\n",
       "      <td>0.000783</td>\n",
       "      <td>0.000816</td>\n",
       "      <td>0.002578</td>\n",
       "      <td>0.000775</td>\n",
       "      <td>0.001426</td>\n",
       "      <td>0.002209</td>\n",
       "      <td>0.005534</td>\n",
       "      <td>0.001870</td>\n",
       "      <td>0.002582</td>\n",
       "      <td>0.001075</td>\n",
       "      <td>0.000889</td>\n",
       "      <td>0.000442</td>\n",
       "      <td>-0.004924</td>\n",
       "      <td>-0.001122</td>\n",
       "    </tr>\n",
       "    <tr>\n",
       "      <th>cont1</th>\n",
       "      <td>0.002130</td>\n",
       "      <td>1.000000</td>\n",
       "      <td>-0.085180</td>\n",
       "      <td>-0.445431</td>\n",
       "      <td>0.367549</td>\n",
       "      <td>-0.025230</td>\n",
       "      <td>0.758315</td>\n",
       "      <td>0.367384</td>\n",
       "      <td>0.361163</td>\n",
       "      <td>0.929912</td>\n",
       "      <td>0.808551</td>\n",
       "      <td>0.596090</td>\n",
       "      <td>0.614225</td>\n",
       "      <td>0.534850</td>\n",
       "      <td>0.056688</td>\n",
       "      <td>-0.010237</td>\n",
       "    </tr>\n",
       "    <tr>\n",
       "      <th>cont2</th>\n",
       "      <td>0.000783</td>\n",
       "      <td>-0.085180</td>\n",
       "      <td>1.000000</td>\n",
       "      <td>0.455861</td>\n",
       "      <td>0.038693</td>\n",
       "      <td>0.191427</td>\n",
       "      <td>0.015864</td>\n",
       "      <td>0.048187</td>\n",
       "      <td>0.137468</td>\n",
       "      <td>-0.032729</td>\n",
       "      <td>0.063526</td>\n",
       "      <td>0.116824</td>\n",
       "      <td>0.106250</td>\n",
       "      <td>0.023335</td>\n",
       "      <td>-0.045584</td>\n",
       "      <td>0.141528</td>\n",
       "    </tr>\n",
       "    <tr>\n",
       "      <th>cont3</th>\n",
       "      <td>0.000816</td>\n",
       "      <td>-0.445431</td>\n",
       "      <td>0.455861</td>\n",
       "      <td>1.000000</td>\n",
       "      <td>-0.341633</td>\n",
       "      <td>0.089417</td>\n",
       "      <td>-0.349278</td>\n",
       "      <td>0.097516</td>\n",
       "      <td>-0.185432</td>\n",
       "      <td>-0.417054</td>\n",
       "      <td>-0.325562</td>\n",
       "      <td>0.025271</td>\n",
       "      <td>0.006111</td>\n",
       "      <td>-0.418203</td>\n",
       "      <td>-0.039592</td>\n",
       "      <td>0.111053</td>\n",
       "    </tr>\n",
       "    <tr>\n",
       "      <th>cont4</th>\n",
       "      <td>0.002578</td>\n",
       "      <td>0.367549</td>\n",
       "      <td>0.038693</td>\n",
       "      <td>-0.341633</td>\n",
       "      <td>1.000000</td>\n",
       "      <td>0.163748</td>\n",
       "      <td>0.220932</td>\n",
       "      <td>-0.115064</td>\n",
       "      <td>0.528740</td>\n",
       "      <td>0.328961</td>\n",
       "      <td>0.283294</td>\n",
       "      <td>0.120927</td>\n",
       "      <td>0.130453</td>\n",
       "      <td>0.179342</td>\n",
       "      <td>0.017445</td>\n",
       "      <td>-0.035831</td>\n",
       "    </tr>\n",
       "    <tr>\n",
       "      <th>cont5</th>\n",
       "      <td>0.000775</td>\n",
       "      <td>-0.025230</td>\n",
       "      <td>0.191427</td>\n",
       "      <td>0.089417</td>\n",
       "      <td>0.163748</td>\n",
       "      <td>1.000000</td>\n",
       "      <td>-0.149810</td>\n",
       "      <td>-0.249344</td>\n",
       "      <td>0.009015</td>\n",
       "      <td>-0.088202</td>\n",
       "      <td>-0.064967</td>\n",
       "      <td>-0.151548</td>\n",
       "      <td>-0.148217</td>\n",
       "      <td>-0.082915</td>\n",
       "      <td>-0.021638</td>\n",
       "      <td>-0.011355</td>\n",
       "    </tr>\n",
       "    <tr>\n",
       "      <th>cont6</th>\n",
       "      <td>0.001426</td>\n",
       "      <td>0.758315</td>\n",
       "      <td>0.015864</td>\n",
       "      <td>-0.349278</td>\n",
       "      <td>0.220932</td>\n",
       "      <td>-0.149810</td>\n",
       "      <td>1.000000</td>\n",
       "      <td>0.658918</td>\n",
       "      <td>0.437437</td>\n",
       "      <td>0.797544</td>\n",
       "      <td>0.883351</td>\n",
       "      <td>0.773745</td>\n",
       "      <td>0.785144</td>\n",
       "      <td>0.815091</td>\n",
       "      <td>0.042178</td>\n",
       "      <td>0.040967</td>\n",
       "    </tr>\n",
       "    <tr>\n",
       "      <th>cont7</th>\n",
       "      <td>0.002209</td>\n",
       "      <td>0.367384</td>\n",
       "      <td>0.048187</td>\n",
       "      <td>0.097516</td>\n",
       "      <td>-0.115064</td>\n",
       "      <td>-0.249344</td>\n",
       "      <td>0.658918</td>\n",
       "      <td>1.000000</td>\n",
       "      <td>0.142042</td>\n",
       "      <td>0.384343</td>\n",
       "      <td>0.492621</td>\n",
       "      <td>0.747108</td>\n",
       "      <td>0.742712</td>\n",
       "      <td>0.288395</td>\n",
       "      <td>0.022286</td>\n",
       "      <td>0.119799</td>\n",
       "    </tr>\n",
       "    <tr>\n",
       "      <th>cont8</th>\n",
       "      <td>0.005534</td>\n",
       "      <td>0.361163</td>\n",
       "      <td>0.137468</td>\n",
       "      <td>-0.185432</td>\n",
       "      <td>0.528740</td>\n",
       "      <td>0.009015</td>\n",
       "      <td>0.437437</td>\n",
       "      <td>0.142042</td>\n",
       "      <td>1.000000</td>\n",
       "      <td>0.452658</td>\n",
       "      <td>0.336588</td>\n",
       "      <td>0.302381</td>\n",
       "      <td>0.315904</td>\n",
       "      <td>0.476402</td>\n",
       "      <td>0.043539</td>\n",
       "      <td>0.030508</td>\n",
       "    </tr>\n",
       "    <tr>\n",
       "      <th>cont9</th>\n",
       "      <td>0.001870</td>\n",
       "      <td>0.929912</td>\n",
       "      <td>-0.032729</td>\n",
       "      <td>-0.417054</td>\n",
       "      <td>0.328961</td>\n",
       "      <td>-0.088202</td>\n",
       "      <td>0.797544</td>\n",
       "      <td>0.384343</td>\n",
       "      <td>0.452658</td>\n",
       "      <td>1.000000</td>\n",
       "      <td>0.785697</td>\n",
       "      <td>0.608000</td>\n",
       "      <td>0.626656</td>\n",
       "      <td>0.642028</td>\n",
       "      <td>0.074154</td>\n",
       "      <td>0.014456</td>\n",
       "    </tr>\n",
       "    <tr>\n",
       "      <th>cont10</th>\n",
       "      <td>0.002582</td>\n",
       "      <td>0.808551</td>\n",
       "      <td>0.063526</td>\n",
       "      <td>-0.325562</td>\n",
       "      <td>0.283294</td>\n",
       "      <td>-0.064967</td>\n",
       "      <td>0.883351</td>\n",
       "      <td>0.492621</td>\n",
       "      <td>0.336588</td>\n",
       "      <td>0.785697</td>\n",
       "      <td>1.000000</td>\n",
       "      <td>0.702896</td>\n",
       "      <td>0.713812</td>\n",
       "      <td>0.707876</td>\n",
       "      <td>0.041808</td>\n",
       "      <td>0.020236</td>\n",
       "    </tr>\n",
       "    <tr>\n",
       "      <th>cont11</th>\n",
       "      <td>0.001075</td>\n",
       "      <td>0.596090</td>\n",
       "      <td>0.116824</td>\n",
       "      <td>0.025271</td>\n",
       "      <td>0.120927</td>\n",
       "      <td>-0.151548</td>\n",
       "      <td>0.773745</td>\n",
       "      <td>0.747108</td>\n",
       "      <td>0.302381</td>\n",
       "      <td>0.608000</td>\n",
       "      <td>0.702896</td>\n",
       "      <td>1.000000</td>\n",
       "      <td>0.994384</td>\n",
       "      <td>0.466247</td>\n",
       "      <td>0.047293</td>\n",
       "      <td>0.099806</td>\n",
       "    </tr>\n",
       "    <tr>\n",
       "      <th>cont12</th>\n",
       "      <td>0.000889</td>\n",
       "      <td>0.614225</td>\n",
       "      <td>0.106250</td>\n",
       "      <td>0.006111</td>\n",
       "      <td>0.130453</td>\n",
       "      <td>-0.148217</td>\n",
       "      <td>0.785144</td>\n",
       "      <td>0.742712</td>\n",
       "      <td>0.315904</td>\n",
       "      <td>0.626656</td>\n",
       "      <td>0.713812</td>\n",
       "      <td>0.994384</td>\n",
       "      <td>1.000000</td>\n",
       "      <td>0.478677</td>\n",
       "      <td>0.050267</td>\n",
       "      <td>0.098724</td>\n",
       "    </tr>\n",
       "    <tr>\n",
       "      <th>cont13</th>\n",
       "      <td>0.000442</td>\n",
       "      <td>0.534850</td>\n",
       "      <td>0.023335</td>\n",
       "      <td>-0.418203</td>\n",
       "      <td>0.179342</td>\n",
       "      <td>-0.082915</td>\n",
       "      <td>0.815091</td>\n",
       "      <td>0.288395</td>\n",
       "      <td>0.476402</td>\n",
       "      <td>0.642028</td>\n",
       "      <td>0.707876</td>\n",
       "      <td>0.466247</td>\n",
       "      <td>0.478677</td>\n",
       "      <td>1.000000</td>\n",
       "      <td>0.047543</td>\n",
       "      <td>-0.004022</td>\n",
       "    </tr>\n",
       "    <tr>\n",
       "      <th>cont14</th>\n",
       "      <td>-0.004924</td>\n",
       "      <td>0.056688</td>\n",
       "      <td>-0.045584</td>\n",
       "      <td>-0.039592</td>\n",
       "      <td>0.017445</td>\n",
       "      <td>-0.021638</td>\n",
       "      <td>0.042178</td>\n",
       "      <td>0.022286</td>\n",
       "      <td>0.043539</td>\n",
       "      <td>0.074154</td>\n",
       "      <td>0.041808</td>\n",
       "      <td>0.047293</td>\n",
       "      <td>0.050267</td>\n",
       "      <td>0.047543</td>\n",
       "      <td>1.000000</td>\n",
       "      <td>0.019298</td>\n",
       "    </tr>\n",
       "    <tr>\n",
       "      <th>loss</th>\n",
       "      <td>-0.001122</td>\n",
       "      <td>-0.010237</td>\n",
       "      <td>0.141528</td>\n",
       "      <td>0.111053</td>\n",
       "      <td>-0.035831</td>\n",
       "      <td>-0.011355</td>\n",
       "      <td>0.040967</td>\n",
       "      <td>0.119799</td>\n",
       "      <td>0.030508</td>\n",
       "      <td>0.014456</td>\n",
       "      <td>0.020236</td>\n",
       "      <td>0.099806</td>\n",
       "      <td>0.098724</td>\n",
       "      <td>-0.004022</td>\n",
       "      <td>0.019298</td>\n",
       "      <td>1.000000</td>\n",
       "    </tr>\n",
       "  </tbody>\n",
       "</table>\n",
       "</div>"
      ],
      "text/plain": [
       "              id     cont1     cont2     cont3     cont4     cont5     cont6  \\\n",
       "id      1.000000  0.002130  0.000783  0.000816  0.002578  0.000775  0.001426   \n",
       "cont1   0.002130  1.000000 -0.085180 -0.445431  0.367549 -0.025230  0.758315   \n",
       "cont2   0.000783 -0.085180  1.000000  0.455861  0.038693  0.191427  0.015864   \n",
       "cont3   0.000816 -0.445431  0.455861  1.000000 -0.341633  0.089417 -0.349278   \n",
       "cont4   0.002578  0.367549  0.038693 -0.341633  1.000000  0.163748  0.220932   \n",
       "cont5   0.000775 -0.025230  0.191427  0.089417  0.163748  1.000000 -0.149810   \n",
       "cont6   0.001426  0.758315  0.015864 -0.349278  0.220932 -0.149810  1.000000   \n",
       "cont7   0.002209  0.367384  0.048187  0.097516 -0.115064 -0.249344  0.658918   \n",
       "cont8   0.005534  0.361163  0.137468 -0.185432  0.528740  0.009015  0.437437   \n",
       "cont9   0.001870  0.929912 -0.032729 -0.417054  0.328961 -0.088202  0.797544   \n",
       "cont10  0.002582  0.808551  0.063526 -0.325562  0.283294 -0.064967  0.883351   \n",
       "cont11  0.001075  0.596090  0.116824  0.025271  0.120927 -0.151548  0.773745   \n",
       "cont12  0.000889  0.614225  0.106250  0.006111  0.130453 -0.148217  0.785144   \n",
       "cont13  0.000442  0.534850  0.023335 -0.418203  0.179342 -0.082915  0.815091   \n",
       "cont14 -0.004924  0.056688 -0.045584 -0.039592  0.017445 -0.021638  0.042178   \n",
       "loss   -0.001122 -0.010237  0.141528  0.111053 -0.035831 -0.011355  0.040967   \n",
       "\n",
       "           cont7     cont8     cont9    cont10    cont11    cont12    cont13  \\\n",
       "id      0.002209  0.005534  0.001870  0.002582  0.001075  0.000889  0.000442   \n",
       "cont1   0.367384  0.361163  0.929912  0.808551  0.596090  0.614225  0.534850   \n",
       "cont2   0.048187  0.137468 -0.032729  0.063526  0.116824  0.106250  0.023335   \n",
       "cont3   0.097516 -0.185432 -0.417054 -0.325562  0.025271  0.006111 -0.418203   \n",
       "cont4  -0.115064  0.528740  0.328961  0.283294  0.120927  0.130453  0.179342   \n",
       "cont5  -0.249344  0.009015 -0.088202 -0.064967 -0.151548 -0.148217 -0.082915   \n",
       "cont6   0.658918  0.437437  0.797544  0.883351  0.773745  0.785144  0.815091   \n",
       "cont7   1.000000  0.142042  0.384343  0.492621  0.747108  0.742712  0.288395   \n",
       "cont8   0.142042  1.000000  0.452658  0.336588  0.302381  0.315904  0.476402   \n",
       "cont9   0.384343  0.452658  1.000000  0.785697  0.608000  0.626656  0.642028   \n",
       "cont10  0.492621  0.336588  0.785697  1.000000  0.702896  0.713812  0.707876   \n",
       "cont11  0.747108  0.302381  0.608000  0.702896  1.000000  0.994384  0.466247   \n",
       "cont12  0.742712  0.315904  0.626656  0.713812  0.994384  1.000000  0.478677   \n",
       "cont13  0.288395  0.476402  0.642028  0.707876  0.466247  0.478677  1.000000   \n",
       "cont14  0.022286  0.043539  0.074154  0.041808  0.047293  0.050267  0.047543   \n",
       "loss    0.119799  0.030508  0.014456  0.020236  0.099806  0.098724 -0.004022   \n",
       "\n",
       "          cont14      loss  \n",
       "id     -0.004924 -0.001122  \n",
       "cont1   0.056688 -0.010237  \n",
       "cont2  -0.045584  0.141528  \n",
       "cont3  -0.039592  0.111053  \n",
       "cont4   0.017445 -0.035831  \n",
       "cont5  -0.021638 -0.011355  \n",
       "cont6   0.042178  0.040967  \n",
       "cont7   0.022286  0.119799  \n",
       "cont8   0.043539  0.030508  \n",
       "cont9   0.074154  0.014456  \n",
       "cont10  0.041808  0.020236  \n",
       "cont11  0.047293  0.099806  \n",
       "cont12  0.050267  0.098724  \n",
       "cont13  0.047543 -0.004022  \n",
       "cont14  1.000000  0.019298  \n",
       "loss    0.019298  1.000000  "
      ]
     },
     "execution_count": 36,
     "metadata": {},
     "output_type": "execute_result"
    }
   ],
   "source": [
    "train.corr()"
   ]
  },
  {
   "cell_type": "code",
   "execution_count": 9,
   "metadata": {
    "collapsed": false
   },
   "outputs": [],
   "source": [
    "X = train.iloc[:,1:-15]\n",
    "dummys=pd.get_dummies(X)"
   ]
  },
  {
   "cell_type": "code",
   "execution_count": 10,
   "metadata": {
    "collapsed": false
   },
   "outputs": [],
   "source": [
    "X2=train.iloc[:,-15:-1]"
   ]
  },
  {
   "cell_type": "code",
   "execution_count": 27,
   "metadata": {
    "collapsed": false
   },
   "outputs": [
    {
     "data": {
      "text/html": [
       "<div>\n",
       "<table border=\"1\" class=\"dataframe\">\n",
       "  <thead>\n",
       "    <tr style=\"text-align: right;\">\n",
       "      <th></th>\n",
       "      <th>cat1</th>\n",
       "      <th>cat2</th>\n",
       "      <th>cat3</th>\n",
       "      <th>cat4</th>\n",
       "      <th>cat5</th>\n",
       "      <th>cat6</th>\n",
       "      <th>cat7</th>\n",
       "      <th>cat8</th>\n",
       "      <th>cat9</th>\n",
       "      <th>cat10</th>\n",
       "      <th>...</th>\n",
       "      <th>cat107</th>\n",
       "      <th>cat108</th>\n",
       "      <th>cat109</th>\n",
       "      <th>cat110</th>\n",
       "      <th>cat111</th>\n",
       "      <th>cat112</th>\n",
       "      <th>cat113</th>\n",
       "      <th>cat114</th>\n",
       "      <th>cat115</th>\n",
       "      <th>cat116</th>\n",
       "    </tr>\n",
       "  </thead>\n",
       "  <tbody>\n",
       "    <tr>\n",
       "      <th>0</th>\n",
       "      <td>A</td>\n",
       "      <td>B</td>\n",
       "      <td>A</td>\n",
       "      <td>B</td>\n",
       "      <td>A</td>\n",
       "      <td>A</td>\n",
       "      <td>A</td>\n",
       "      <td>A</td>\n",
       "      <td>B</td>\n",
       "      <td>A</td>\n",
       "      <td>...</td>\n",
       "      <td>J</td>\n",
       "      <td>G</td>\n",
       "      <td>BU</td>\n",
       "      <td>BC</td>\n",
       "      <td>C</td>\n",
       "      <td>AS</td>\n",
       "      <td>S</td>\n",
       "      <td>A</td>\n",
       "      <td>O</td>\n",
       "      <td>LB</td>\n",
       "    </tr>\n",
       "    <tr>\n",
       "      <th>1</th>\n",
       "      <td>A</td>\n",
       "      <td>B</td>\n",
       "      <td>A</td>\n",
       "      <td>A</td>\n",
       "      <td>A</td>\n",
       "      <td>A</td>\n",
       "      <td>A</td>\n",
       "      <td>A</td>\n",
       "      <td>B</td>\n",
       "      <td>B</td>\n",
       "      <td>...</td>\n",
       "      <td>K</td>\n",
       "      <td>K</td>\n",
       "      <td>BI</td>\n",
       "      <td>CQ</td>\n",
       "      <td>A</td>\n",
       "      <td>AV</td>\n",
       "      <td>BM</td>\n",
       "      <td>A</td>\n",
       "      <td>O</td>\n",
       "      <td>DP</td>\n",
       "    </tr>\n",
       "    <tr>\n",
       "      <th>2</th>\n",
       "      <td>A</td>\n",
       "      <td>B</td>\n",
       "      <td>A</td>\n",
       "      <td>A</td>\n",
       "      <td>B</td>\n",
